walls_loc: 
0 0 0 0 0 0 0 0 0 0 0 0 0 0 0 0 1 0 0 0 0 0 0 0 0 0 0 0 0 0 1 0 0 0 0 0 0 0 0 0 0 0 0 0 0 0 0 0 0 0 0 0 0 0 0 0 0 1 0 1 0 0 0 0 0 0 0 0 0 1 0 0 0 0 0 0 0 0 0 0 0 0 0 0 0 0 0 0 0 1 0 0 0 0 0 0 0 0 0 0 
walls_around: 
1 0 0 0 1 1 1 1 
0 0 0 0 1 1 1 0 
0 0 0 0 1 1 1 0 
0 0 0 0 1 1 1 0 
0 0 0 0 1 1 1 0 
0 0 1 0 1 1 1 0 
0 1 0 0 1 1 1 0 
1 0 0 0 1 1 1 0 
0 0 0 0 1 1 1 0 
0 0 1 1 1 1 1 0 
1 0 0 0 0 0 1 1 
0 0 0 0 0 0 0 0 
0 0 0 0 0 0 0 0 
0 0 0 0 0 0 0 0 
0 0 0 0 0 0 0 0 
0 0 0 1 0 0 0 0 
0 0 0 0 0 0 0 0 
0 0 0 0 0 0 0 1 
0 0 0 0 0 0 0 0 
0 0 1 1 1 0 0 0 
1 1 0 0 0 0 1 1 
1 0 0 0 0 0 0 0 
0 0 0 0 0 0 0 0 
0 0 0 0 0 0 0 0 
0 0 0 0 0 0 0 0 
0 0 0 0 1 0 0 0 
0 0 0 0 0 1 0 0 
0 0 0 0 0 0 1 0 
0 0 0 0 0 0 0 0 
0 0 1 1 1 0 0 0 
1 0 0 0 0 0 1 1 
0 0 0 0 0 0 0 1 
0 0 0 0 0 0 0 0 
0 0 0 0 0 0 0 0 
0 0 0 0 0 0 0 0 
0 0 0 0 0 0 0 0 
0 0 0 0 0 0 0 0 
0 0 0 0 0 0 0 0 
0 0 0 0 0 0 0 0 
0 0 1 1 1 0 0 0 
1 0 0 0 0 1 1 1 
0 0 0 0 0 0 1 0 
0 0 0 0 0 0 0 0 
0 0 0 0 0 0 0 0 
0 0 0 0 0 0 0 0 
0 0 0 0 0 0 0 0 
0 0 1 0 0 0 0 0 
0 1 0 0 0 0 0 0 
1 0 1 0 0 0 0 0 
0 1 1 1 1 0 0 0 
1 0 0 0 0 0 1 1 
0 0 0 0 0 0 0 0 
0 0 0 0 0 0 0 0 
0 0 0 0 0 0 0 0 
0 0 0 0 0 0 0 0 
0 0 0 0 0 0 0 0 
0 0 0 1 0 0 0 0 
0 0 0 0 0 0 0 0 
0 0 1 1 0 0 0 1 
0 1 1 1 1 0 0 0 
1 0 0 0 0 0 1 1 
0 0 0 0 0 0 0 0 
0 0 0 0 0 0 0 0 
0 0 0 0 0 0 0 0 
0 0 0 0 0 0 0 0 
0 0 0 0 0 0 0 0 
0 0 0 0 1 0 0 0 
0 0 0 0 0 1 0 0 
0 0 0 1 1 0 1 0 
0 0 1 1 1 1 0 0 
1 0 0 0 0 0 1 1 
0 0 0 0 0 0 0 0 
0 0 0 0 0 0 0 0 
0 0 0 0 0 0 0 0 
0 0 0 0 0 0 0 0 
0 0 0 0 0 0 0 0 
0 0 0 0 0 0 0 0 
0 0 0 0 0 0 0 0 
0 0 1 0 1 0 0 0 
0 1 1 1 1 1 0 0 
1 0 0 0 0 0 1 1 
0 0 0 0 0 0 0 0 
0 0 0 0 0 0 0 0 
0 0 0 0 0 0 0 0 
0 0 0 0 0 0 0 0 
0 0 0 0 0 0 0 0 
0 0 0 0 0 0 0 0 
0 0 0 0 0 0 0 0 
0 0 0 1 0 0 0 0 
0 0 1 1 1 0 0 0 
1 1 1 0 0 0 1 1 
1 1 1 0 0 0 0 0 
1 1 1 0 0 0 0 0 
1 1 1 0 0 0 0 0 
1 1 1 0 0 0 0 0 
1 1 1 0 0 0 0 0 
1 1 1 0 0 0 0 0 
1 1 1 0 0 0 0 0 
1 1 1 0 1 0 0 0 
1 1 1 1 1 1 0 0 

for each position s we describe the walls around
0---1-->2
|       |
7   s   3
|       |
6<--5---4

grid (X=wall):  
     X   X   X   X   X   X   X   X   X   X 
   ----------------------------------------
 X |   |   |   |   |   |   |   |   |   |   | X 
   ----------------------------------------
 X |   |   |   |   |   |   |   |   |   | X | X 
   ----------------------------------------
 X |   |   |   |   |   |   |   |   |   |   | X 
   ----------------------------------------
 X |   |   |   |   |   |   |   |   |   | X | X 
   ----------------------------------------
 X |   |   |   |   |   |   |   | X |   | X | X 
   ----------------------------------------
 X |   |   |   |   |   |   |   |   |   |   | X 
   ----------------------------------------
 X | X |   |   |   |   |   |   |   |   |   | X 
   ----------------------------------------
 X |   |   |   |   |   |   |   |   |   |   | X 
   ----------------------------------------
 X |   |   |   |   |   |   | X |   |   |   | X 
   ----------------------------------------
 X |   |   |   |   |   |   |   |   |   |   | X 
   ----------------------------------------
     X   X   X   X   X   X   X   X   X   X 
